% NTS
%Depth	Dip_Direction from north	Dip_Angle	Criticality
1839.3	 301.7		 43			 0
1938.5   129.4       58.3        1
1942.2   217.699997  33.400002   0
1945.4   124.300003  22.799999   0
1950.9   103.699997  28.299999   0
1951.4   199.699997  45.5        0
1953.4   109.7       71.2        1
1954.4   282         58.1        0
1958.9   295.700012  32.200001   0
1960.0   248.600006  69.599998   0
1961.5   218.600006  74.800003   0
1966.7   202.300003  75.400002   0
1976.0   71.699997   75.199997   0
1977.4   24.700001   71.699997   0
1985.4   186         53.3        0
1986.7   31.6        47.900002   0
1986.8   47.799999   43          0
1987.4   83.599998   57.599998   0
1989.0   233.699997  70          0
1989.4   255.100006  53.299999   0
1990.3   249.100006  56.599998   0
1994.0   0.9         28.4        0
1995.9   148.3       45.4        0
1996.9   300         6           0
1997.7   48          75.900002   0
1998.5   49.700001   75.900002   0
1999.6   42.900002   79.599998   0
2005.8   203.100006  71.199997   0
2007     300.9       43.4        0
2012.8   331.700012  32.200001   0
2013.9   190.3       67.3        1
2021.3   96.900002   21.200001   0
2023.1   104.599998  30.200001   0
2027.0   228.899994  44.200001   0
2028.2   30.9        35.5        0
2031.5   144         27.4        0
2032.5   207.399994  27.4        0
2033.3   299.700012  39.5        0
2037.6   42.200001   66.699997   0
2038.7   356.6       57.6        1
2039.6   46.5        44.299999   0
2040.7   225.600006  74.5        0
2051.9   291.100006  58.799999   1
2052.8   329.9       57.6        1
2054.9   291.399994  40.299999   0
2056.0   240         61.400002   0
2058.6   94.300003   44.700001   0
2059.9   260.600006  79.400002   0
2060.0   246.899994  77.099998   0
2064.1   264         51.799999   0
2065.1   97.699997   23          0
2066.5   244.300003  63.200001   0
2068.7   272.6       59.4        0
2069.1   105.400002  29.5        0
2073.0   337.700012  51.799999   1
2073     337.7       51.8        1
2073.7   143.100006  43.5        0
2074.2   159.399994  23.700001   0
2075.6   110.599998  33.299999   0
2076.9   85.699997   49.400002   0
2077.1   95.099998   30.299999   0
2079.5   24.9        63.099998   0
2081.6   300         30.299999   0
2082.1   138.899994  27.1        0
2083.7   329.1       56.9        1
2087.1   338.600006  16.299999   0
2088.3   341.100006  60.299999   1
2089.1   235.699997  66.199997   0
2097.2   255.399994  48.299999   0
2099.4   259.700012  43.099998   0
2101.7   282         33.200001   0
2105.3   242.600006  73.400002   0
2105.9   197.1       79.2        0
2106.4   173.1       56.2        1
2110.8   57.400002   0           0
2111.2   347.700012  31.9        0
2115.2   235.199997  45.5        0
2122.8   152         48.6        0
2124.5   249.5       27.1        0
2125.2   353.899994  27.1        0
2128     7.5         44.1        0
2128.5   10.2        65.8        1
2129.1   31.4        51.400002   0
2133.4   321.100006  27.1        0
2135.5   26.6        29.700001   0
2139.6   192.300003  44.099998   0
2141.1   279.200012  51.299999   0
2142.7   84.199997   29.5        0
2142.9   334.9       51.3        1
2142.9   334.899994  51.299999   1
2143.1   108.699997  48.599998   0
2143.7   334.899994  29.5        0
2144.8   127.699997  47.099998   0
2145.1   142.600006  47.099998   0
2146.8   57.099998   69          0
2149.8   233.699997  75          0
2150.3   227.5       47.099998   0
2153.3   146.7       66.2        1
2154.2   358.6       67.7        1
2171.8   264.899994  57          0
2173.4   134.5       70.1        1
2176.0   233         75          0
2177.6   286         66.4        1
2178.9   284.600006  61.700001   1
2180.0   83.5        56.099998   0
2181.4   258.100006  51.900002   0
2183.3   234.300003  25.6        0
2191.2   44.200001   45.700001   0
2192.2   246.600006  58.299999   0
2195.3   253.399994  69.599998   0
2199.0   218.699997  38.900002   0
2200.2   53          62.099998   0
2208.6   72.099998   16          0
2209.4   110.599998  32.200001   0
2212.3   65.300003   29.799999   0
2213.2   186.9       55.1        0
2214.2   278.200012  34.5        0
2234.4   175.9       38.4        0
2235.4   275.899994  40.400002   0
2236.1   303.399994  21.6        0
2241.0   233.100006  27          0
2243.4   142.8       52.5        1
2246.7   57.200001   29.5        0
2247.8   142         22.200001   0
2248.3   215.300003  36.400002   0
2250.2   115.900002  26.799999   0
2251.6   97.5        51.6        0
2256.9   181.399994  32.299999   0
2257.4   43.599998   3.6         0
2257.9   244.100006  29.6        0
2258.7   17.700001   47          0
2259.7   118.6       55.4        1
2263.2   314.299988  23.799999   0
2264.7   226.399994  29.6        0
2268.1   80.400002   63.799999   0
2283.7   284.600006  49.900002   0
2284.5   108.699997  17.9        0
2285.7   277.799988  64          0
2286.5   93.699997   39          0
2288.1   275.100006  28.4        0
2289.4   30.6        44.200001   0
2291.0   110.699997  44.200001   0
2293     189.5       61.4        1
2293.4   186.8       64          1
2293.6   184.1       57.4        1
2301.7   83.5        76.400002   0
2302.1   95.099998   72.800003   0
2303.1   115.5       56.4        1
2303.4   112.1       54.4        1
2308.5   173.199997  26.700001   0
2309.0   213.300003  24.1        0
2310.3   198.3       64.4        0
2312.0   281.899994  21.6        0
2315.5   288         34.099998   0
2316.4   198.300003  26.9        0
2317.3   334.899994  26.9        0
2318.2   312.5       43.8        0
2319.1   257.399994  53.599998   0
2322.5   217.399994  12.7        0
2323.2   358         12.7        0
2324.2   147.399994  31.799999   0
2327.6   299.5       57.9        1
2328.1   297.5       62.400002   1
2330.9   95.800003   36.700001   0
2331.9   91          23.1        0
2332.5   90.300003   49.5        0
2334.1   193.6       36.7        0
2336.3   269.700012  42.099998   0
2338     210.6       54.1        0
2341.8   68.599998   42.200001   0
2342.8   182.699997  24.4        0
2346.8   259.5       60.299999   0
2347.4   216         43.900002   0
2350     226.2       6.5         0
2351.3   270.299988  56.799999   0
2352.4   251.300003  6.5         0
2355.3   254         31.9        0
2363.7   277.5       57.099998   0
2364.2   339.1       74          1
2365.6   149.9       61.4        1
2366.4   167.6       73          1
2367.1   172.1       59.4        1
2368.1   34          38.799999   0
2369.5   135.5       52.3        1
2369.6   303.7       46.9        0
2371.1   231.699997  34          0
2372.7   289.299988  31.799999   0
2373.4   258.5       18.700001   0
2374.5   258.5       34          0
2375.6   242.199997  24.200001   0
2376.9   249.399994  12.7        0
2377.5   261.799988  31.799999   0
2384.8   299.799988  45.099998   0
2385.6   318.100006  37.900002   0
2386.6   267.100006  12.6        0
2387.8   277.5       59.099998   0
2388.5   282.799988  29.1        0
2389.2   272.299988  37.900002   0
2390.4   293.200012  69.900002   1
2390.6   314.8       73.2        1
2391.9   265.100006  35.900002   0
2392.4   245.5       31.700001   0
2393.3   202.300003  38.099998   0
2395.0   273.600006  26.799999   0
2396.9   261.799988  26.799999   0
2397.7   295.899994  24.200001   0
2398.7   240.899994  36.099998   0
2399.2   236.899994  33.900002   0
2400.0   240.899994  24.200001   0
2401.6   239.6       19.7        0
2410.6   223.199997  19.700001   0
2411.2   194.4       30.9        0
2413.8   229.699997  47.099998   0
2414.9   193.100006  28.299999   0
2415.1   187.899994  30.9        0
2417     190.5       52.7        0
2418.1   197.699997  19.700001   0
2420.7   195.699997  10.1        0
2421.2   191.100006  19.700001   0
2422.7   98.199997   13.4        0
2427.1   34.700001   68.199997   0
2430.2   301.700012  22.700001   0
2433.5   75.300003   51.400002   0
2437.4   75.3        72.5        0
2438.9   84.400002   50.099998   0
2439.8   288         16.6        0
2440.1   125.7       45.5        0
2441.3   248.699997  22.700001   0
2442.6   232.399994  39.900002   0
2443.3   199         39.900002   0
2444.8   114.5       37.799999   0
2446.7   231.100006  47.099998   0
2447.5   237.600006  48.599998   0
2448.3   266.399994  37.799999   0
2449.1   237.600006  41.900002   0
2450.6   65.5        58.200001   0
2451.6   239.600006  58.200001   0
2452.5   266.399994  30.9        0
2453.3   250.699997  64.400002   0
2454.4   67.400002   57.200001   0
2455.5   255.899994  59.099998   0
2456.7   189.199997  30.9        0
2457.1   197.699997  59.099998   0
2457.3   129.399994  75.5        1
2458.3   158.3       51.1        1
2458.5   158.399994  45.5        0
2460.1   259.899994  45.5        0
2461.3   226.5       43.700001   0
2469.1   103.1       40.3        0
2478.6   236.300003  58.599998   0
2480.8   263.799988  57.599998   0
2481.1   267.7       51.8        0
2483.6   68.099998   33.700001   0
2487.4   100.099998  20          0
2495.6   252         61.200001   0
2498.4   41.200001   33.700001   0
2499.9   185.2       50.5        0
2501.6   154.5       40.3        0
2519.3   249.399994  63.400002   0
2521.2   26.8        49.2        0
2530.8   244.800003  76.5        0
2536.3   344.299988  28.299999   0
2537.2   337.7       77.3        1
2539.9   358.7       58.2        1
2546.2   43.900002   41.900002   0
2548.0   176.699997  13.4        0
2548.2   130.9       48.6        1
2548.7   319.399994  19.700001   0
2549.4   191.100006  41.900002   0
2554.2   300.4       63.8        1
2559.0   18.299999   40          0
2559.3   5.9         25.6        0
2560.8   43.200001   33.400002   0
2561.5   206.800003  28.299999   0
2562.7   41.200001   52.799999   0
2563.5   321.4       51.5        1
2582.7   208.800003  33.299999   0
2584.4   220.600006  59.099998   0
2586.0   277.5       52.700001   0
2586.5   235         43.700001   0
2587.4   64.800003   22.700001   0
2588.4   65.5        33.299999   0
2589.1   327.3       45.4        0
2590.1   345.6       30.8        0
2596.2   170.800003  13.4        0
2597.9   156.399994  35.599998   0
2598.6   123.699997  19.700001   0
2600.1   115.900002  28.299999   0
2601     161         64.4        1
2602.2   181.3       59.1        1
2603.6   318.799988  48.599998   1
2612.6   170.8       65.1        1
2613.6   265.100006  46          0
2614.9   200.399994  9.8         0
2615.8   158.2       73          1
2620.3   249.899994  74.099998   0
2621.7   160.2       53.8        1
2622     153.6       72          1
2624.5   86.400002   64.900002   0
2625.3   75.800003   72.900002   0
2627.0   281.5       34.299999   0
2628.1   332.299988  30.9        0
2630.4   204.399994  73.699997   0
2631.4   125.3       72.4        1
2634.1   143.899994  30.799999   0
2635.2   176.7       74          1
2636.6   81.5        76.800003   0
2637.1   17.1        71.400002   0
2638.4   141.9       62.9        1
2639.3   79.5        45.599998   0
2640.7   228         56.799999   0
2641.7   58.5        37.400002   0
2642.4   241.100006  61.900002   0
2643.1   288.399994  55.400002   0
2645.0   270         62          0
2645.2   265.399994  55.400002   0
2647.1   159.600006  40.5        0
2648.9   192.5       65.8        1
2650.7   296.299988  27.1        0
2651.6   293.6       69.9        1
2652.2   293.6       73.3        1
2653.3   74.199997   66.599998   0
2654.9   306.100006  45.700001   0
2654.9   306.1       45.7        0
2656.6   299.600006  50.099998   1
2656.6   299.6       50.1        1
2657.6   170.100006  43.200001   0
2658.1   354.7       55          1
2659.1   247         51.299999   0
2666.4   281.5       67.3        1
2666.4   281.5       67.300003   1
2674.7   346.8       67.3        1
2674.7   346.799988  67.300003   1
2677.8   5.3         82.800003   1
2678.6   5.3         82.900002   1
2679.2   5.3         75.9        1
2679.4   5.9         49.599998   0
2679.8   10.5        68.400002   1
2680.6   113.599998  39.099998   0
2684.0   346.899994  49.599998   1
2684     346.9       49.6        1
2684.6   355.399994  32.299999   0
2685.8   2           62.200001   1
2686     305.5       75.9        1
2686.3   344.899994  53.599998   1
2687.2   358         66.099998   1
2687.2   358         66.1        1
2688.2   358         68.4        1
2688.2   358         68.400002   1
2689.3   17.1        66.099998   0
2691.5   171.5       19.9        0
2695.0   321.899994  76          0
2699.5   281.200012  40.5        0
2700.3   317.3       65.8        1
2702.3   325.200012  14.4        0
2703.7   310.100006  34.400002   0
2704.7   314.700012  43.200001   0
2705.5   53.900002   76          0
2706.8   115.6       75.4        1
2707.9   324.5       63          1
2707.9   324.5       63          1
2709.4   144.5       23.1        0
2711.5   151.800003  27.1        0
2713.5   146.5       80.5        0
2716.5   135.3       66.6        1
2717.3   140.600006  34.299999   0
2719.7   143.9       69.3        1
2721     285.8       64.9        1
2721.5   275.299988  60.900002   0
2725.1   230.399994  34.400002   0
2727.2   188.5       68.099998   1
2727.2   188.5       68.1        1
2728.8   301.1       58.5        1
2733.6   240.199997  45.799999   0
2734.5   320.700012  27.200001   0
2735.3   83.099998   71.099998   0
2737.6   157.7       74.1        1
2738.1   181.3       74.5        1
2740.3   309.600006  23.200001   0
2741.7   326.6       50.2        1
2743.8   19.6        9.7         0
2744.6   211.399994  45.799999   0
2748.9   255.300003  72.099998   0
2749.8   312.2       61          1
2753.2   251.300003  50.200001   0
2754.1   225.800003  62.099998   0
2755.9   265.399994  24.1        0
2757.4   144.5       60.8        1
2765.4   199.100006  70          0
2767.8   113         31          0
2768.9   47.099998   40.599998   0
2769.1   20.299999   43.099998   0
2771.7   350.799988  54.5        1
2772     351.5       70.4        1
2775.6   286.700012  40.599998   0
2779.9   333.8       73.4        1
2779.9   333.799988  73.400002   1
2780.9   30.1        65.400002   0
2781.4   34          56          0
2785.4   188.5       63.8        1
2787.6   219.300003  39.599998   0
2789.8   246.800003  31.1        0
2791.5   213.399994  63.799999   0
2792.4   248.100006  68.099998   0
2794.6   235.600006  70.699997   0
2796.0   331.899994  20.6        0
2797.6   111.300003  48.5        0
2798.1   206.800003  52          0
2801.5   260.5       40.599998   0
2809.7   118.5       31          0
2813.1   277.5       64.099998   0
2815.4   58.299999   31.799999   0
2816.7   55.599998   40.200001   0
2817.3   47.099998   37.299999   0
2822.0   267.700012  51.799999   0
2823.5   284.700012  37.299999   0
2824.5   102.800003  43          0
2825.4   200.899994  40.200001   0
2826.5   194.399994  40.200001   0
2827.3   189.8       55.2        0
2828.9   182         58.1        1
2828.9   199         14.2        0
2829.3   206.800003  65.599998   0
2829.4   197         63.8        0
2830.1   206.199997  71.300003   0
2831.5   194.4       60.6        0
2833.2   200.300003  26.9        0
2834.8   197         9.6         0
2835.0   190.5       9.6         0
2838.5   191.800003  14.2        0
2839.8   141.399994  14.2        0
2842.2   236.300003  69.699997   0
2844.6   90.300003   14.2        0
2851.3   284.700012  77          1
2852.8   172.800003  37.299999   0
2853.8   168.2       75.6        1
2854.8   252.699997  70.800003   0
2855.3   272.299988  18.700001   0
2856.3   118.5       63.8        1
2857.8   174.1       55.2        1
2858.5   161.7       55.2        1
2863.9   1.3         43.8        0
2865.2   53          27.6        0
2867.9   274.299988  57.5        0
2868.9   21.6        70.8        0
2869.7   61.5        66.199997   0
2872.0   210.100006  54.299999   0
2873.5   165.6       75.4        1
2875.1   290.600006  48.5        0
2876     187.9       77.2        1
2885.6   206.8       69.1        0
2887.2   164.899994  14.3        0
2891.1   191.8       49.8        0
2902.9   359.3       60.6        1
2902.9   359.299988  60.599998   1
2903.5   274.899994  37.299999   0
2909.5   46.5        65.599998   0
2913.9   159.1       68.5        1
2919.0   244.800003  47.700001   0
2919.9   252         26.9        0
2920.7   13.7        67.8        0
2923.9   346.299988  55.200001   1
2924.1   355.399994  34.099998   0
2926.9   324         45.400002   0
2928.0   274.299988  37.299999   0
2930.5   189.2       63.8        1
2931.7   279.5       67.800003   0
2936.4   28.1        26.9        0
2937.1   180         14.3        0
2938.7   266.399994  22.9        0
2940.4   87.099998   22.9        0
2943.7   305.7       49.9        1
2945.2   286.700012  37.299999   0
2947.3   306.299988  30.700001   0
2948.1   314.799988  0           0
2951.3   246.800003  56.700001   0
2952.2   130.3       64.7        1
2954.4   341         14.2        0
2955.3   74.599998   69.699997   0
2961.0   218         59.400002   0
2963.4   172.1       62.8        1
2964.5   104.7       68.5        1
2965.2   143.300003  34.400002   0
2966.6   108.699997  38.099998   0
2967.5   56.900002   26.1        0
2969.1   252.699997  51.900002   0
2970.0   207.5       67.800003   0
2972.4   324.7       55.8        1
2973.0   85.099998   72.300003   0
2974.7   32.099998   47.099998   0
2977.3   62.200001   51.900002   0
2978.5   116.5       59          1
2980.6   74          63.599998   0
2981.6   3.3         34.900002   0
2984.9   310.3       77.5        1
2988.0   203.600006  61.299999   0
2991.5   282.799988  23.5        0
2992.0   22.9        46.200001   0
2993.4   219.899994  38.099998   0
2998     359.3       53          1
3000.6   342.299988  75.199997   1
3002.0   41.900002   27.6        0
3003.7   218         46.200001   0
3010.1   302.399994  38.099998   0
3012.0   333.200012  23.5        0
3012.6   39.299999   27.6        0
3013.6   262.5       48.5        0
3014.5   284.100006  38.099998   0
3017.0   246.100006  48.5        0
3017.1   221.899994  72.800003   0
3022.1   26.799999   46.200001   0
3026.6   89.699997   70.300003   0
3028.9   298.5       54.3        1
3030.6   62.200001   38.099998   0
3031.5   217.300003  38.099998   0
3032.5   112.599998  46.200001   0
3034.0   10.5        27.6        0
3038.1   40.599998   41          0
3040.1   250.699997  52.599998   0
3043.1   224.5       27.6        0
3047.7   204.899994  14.6        0
3050.6   339.700012  31.4        0
3052.7   50.400002   60.099998   0
3055.1   124.4       58.8        1
3058.4   98.800003   27.6        0
3059.4   24.9        50.599998   0
3060.3   352.1       57.5        1
3061.5   240.199997  34.900002   0
3062.2   204.899994  56.200001   0
3076.3   221.899994  31.4        0
3080.8   231.100006  55.700001   0
3084.6   166.9       55.7        1
3085.1   203.600006  55.700001   0
3086.9   244.800003  49.599998   0
3087.8   282.100006  47.099998   0
3089.1   312.9       60.4        1
3089.9   318.1       65.1        1
3092.6   223.199997  66.099998   0
3094.8   256.899994  47.599998   0
3097.6   252.300003  37.200001   0
3098.4   241.100006  56.599998   0
3099.0   242.399994  34          0
3100.7   242.399994  30.5        0
3101.2   134.7       67.8        1
3101.3   119.6       74.2        1
3102.4   99.900002   42.799999   0
3103.7   264.100006  65.5        0
3104.1   147.2       71.3        1
3105.8   245         40.099998   0
3106.7   215.5       56.599998   0
3109.6   271.299988  38          0
3111.5   234.100006  73.099998   0
3112.6   268         69.6        0
3113.7   217.199997  71.300003   0
3115.7   165         69.6        1
3117.4   193.7       61.2        0
3118.1   236.1       78.4        0
3118.5   163         48.4        1
3119.1   346.3       43.7        0
3119.2   354.8       69.6        1
3120.1   200.899994  58.799999   0
3121.6   206.699997  76.199997   0
3122.8   204.800003  83.699997   0
3125.9   241.300003  56.799999   0
3128     156.5       71.9        1
3128.6   148.7       67.2        1
3129.8   186.5       67.900002   1
3129.9   195         74.699997   1
3130.3   196.300003  53.700001   0
3130.6   205.399994  55.299999   0
3131.6   341.100006  9.6         0
3132.9   172.199997  65.699997   1
3133.6   165         71.4        1
3136.6   172.2       72.8        1
3140.4   236.699997  77.300003   0
3142.6   133         72.4        1
3142.8   163         76.8        1
3143.8   88.699997   30.799999   0
3144.2   127.8       55.3        1
3145     294.8       59.5        1
3146.9   104.300003  34.200001   0
3147.2   255.699997  34.200001   0
3148.9   129.800003  27          0
3149.8   257         61.900002   0
3150.5   248.5       59.5        0
3151.8   234.100006  46.599998   0
3152.9   268.700012  39.099998   0
3153.8   250.399994  50.700001   0
3154.1   125.9       41.8        0
3154.4   277.2       57.1        0
3154.9   325.4       59.7        1
3155.2   250.399994  36.200001   0
3156.6   275.2       59.7        0
3157.4   249.800003  36.200001   0
3158.6   201.5       60.799999   0
3159.4   259.600006  60.799999   0
3160.7   6.5         59.7        1
3161.6   185.899994  22.1        0
3162.8   178.7       70.7        1
3163.4   213.300003  71.599998   0
3165.8   244.600006  36.200001   0
3166.8   216         25          0
3167.1   244.100006  47.400002   0
3169.7   167.6       62.7        1
3170.6   232.399994  51.200001   0
3171.5   78.5        52.799999   0
3172.7   248.100006  13.1        0
3173.1   213.399994  51.200001   0
3174     318.8       57.2        1
3176.9   172.8       73.3        1
3177.1   170.2       57.2        1
3179.1   180         51.4        0
3180.9   210.699997  62.900002   0
3181.3   264.799988  25.200001   0
3182.3   217.800003  40.700001   0
3183.5   296.100006  8.9         0
3184.1   238.699997  45.5        0
3185.2   225.699997  53.099998   0
3187.4   266.700012  25.200001   0
3188.1   277.799988  28.700001   0
3189.4   221.699997  63.799999   0
3190.7   103.699997  38.099998   0
3191.5   243.300003  35.200001   0
3192.4   120         66.2        1
3193.4   243.899994  61          0
3194.7   274.600006  57.099998   0
3195.5   267.399994  62.599998   0
3196.4   181.300003  47.299999   0
3197.1   302         49.200001   1
3198.6   271.299988  42.900002   0
3199.6   180.699997  24.9        0
3200.8   258.299988  58.400002   0
3203.5   280.399994  68          0
3204.8   276.5       58.400002   0
3205.5   241.300003  55.799999   0
3206.1   256.299988  57.099998   0
3208.9   301.3       58.4        1
3209.2   258.899994  58.400002   0
3210.4   5.2         28.1        0
3211.6   217.199997  34.5        0
3212.4   33.299999   37.299999   0
3217.4   309.8       40          0
3218.6   2           62.3        1
3219.0   236.699997  20.9        0
3220.9   289.600006  12.9        0
3221.5   303.899994  31.4        0
3222.4   48.299999   48.799999   0
3223.7   51.5        52.299999   0
3224.6   48.299999   42.5        0
3226.7   257.600006  58.099998   0
3227.9   273.899994  22.9        0
3228.7   137         55.1        1
3229.5   50.900002   40.200001   0
3231.0   246.5       64.699997   0
3231.4   89.300003   61.700001   0
3232.9   117.4       64.7        1
3233.1   71.099998   47.700001   0
3234.8   242         40.200001   0
3235.6   238.699997  37.200001   0
3236.4   260.200012  58.099998   0
3237.7   275.9       51.7        0
3238.6   243.300003  42.900002   0
3239.6   252.399994  37.200001   0
3240.1   230.199997  45.900002   0
3241.6   274.6       57.2        0
3242.2   245.199997  42.900002   0
3244.1   268         48.700001   0
3246.4   228.300003  48.700001   0
3249.0   262.200012  35.900002   0
3249.3   232.800003  35.900002   0
3250.6   252.399994  27.299999   0
3251.4   253         42.900002   0
3252.4   230.899994  55.299999   0
3253.0   277.200012  55.299999   0
3254.6   186.5       75.7        1
3255.8   325.399994  40.400002   0
3256.2   272.600006  45.599998   0
3257.0   140.199997  60.700001   1
3258.6   141.5       34.200001   0
3259.6   133         59.5        1
3260.6   239.300003  23          0
3261.3   272         45.599998   0
3262.5   246.5       43.099998   0
3265.1   258.899994  50          0
3266.5   279.8       70.4        1
3267.2   334.6       60.7        1
3268.9   187.800003  47.900002   0
3269.4   204.100006  37.400002   0
3270.5   250         58          0
3271.5   233.5       42.5        0
3272.1   254.300003  59.099998   0
3274.2   70.4        30.3        0
3275.6   233.5       18.5        0
3279.9   206.699997  65.199997   0
3280     162.4       51.4        1
3284.7   280.4       58.5        0
3285.3   243.899994  70          0
3285.4   257         66.199997   0
3286.9   238         62.299999   0
3287.7   114.8       67.2        1
3288.3   37.799999   51.900002   0
3289.2   67.800003   40.400002   0
3299.6   358         40.4        0
3301.8   209.300003  71.699997   0
3302.5   205.399994  65.400002   0
3306.8   292.2       56.6        1
3308.7   273.9       65.4        0
3309.1   206.699997  26.799999   0
3310.2   264.100006  51.599998   0
3311.1   274.600006  42.799999   0
3313.5   289.6       55          1
3314.2   259.600006  40.099998   0
3315.8   273.299988  45.299999   0
3316.7   273.899994  55.299999   0
3317.4   262.799988  57          0
3317.6   279.100006  47.900002   0
3318.0   263.5       49.700001   0
3318.6   272         45.599998   0
3319.5   242.600006  43.099998   0
3320.5   279.100006  34.200001   0
3321.3   300.700012  37.400002   0
3322.5   79.599998   64.800003   0
3323.9   195.699997  37.400002   0
3324.9   255.699997  14.3        0
3325.5   280.399994  40.400002   0
3326.8   258.899994  51.900002   0
3327.2   296.7       53.7        1
3328.9   25.4        9.6         0
3329.4   277.200012  50          0
3331.0   285.700012  30.799999   0
3331.7   258.299988  43.099998   0
3333.4   268.700012  50.200001   0
3334.2   238         48.099998   0
3335.7   53.5        14.4        0
3337.1   265.399994  65          0
3337.3   258.299988  72.099998   0
3338.5   245.199997  66.599998   0
3339.3   297.399994  50.200001   0
3340.6   293.5       58.5        1
3341.9   5.2         23.200001   0
3342.8   259.600006  52.099998   0
3343.4   290.9       50.2        0
3344.3   260.899994  55.599998   0
3345.6   243.899994  43.299999   0
3347.7   223.699997  14.5        0
3348.9   279.100006  35.5        0
3349.4   305.2       60.2        1
3351.0   249.800003  38.900002   0
3353.5   279.799988  41.200001   0
3354.0   274.600006  33.900002   0
3355.9   246.5       43.299999   0
3360.5   303.9       41.2        0
3361.1   154.600006  7.7         0
3375.5   117.4       52.6        1
3376.0   140.899994  3.7         0
3377.2   183.3       68.6        1
3378.6   176.100006  24.6        0
3379.5   171.5       48          0
3383.6   263.5       21.4        0
3384.1   280.4       53.9        0
3385.0   30          7.5         0
3389.8   185.9       56.4        1
3391.5   265.399994  52.599998   0
3393.2   209.300003  27.6        0
3394.7   223         33.200001   0
3395.1   70.400002   3.7         0
3397.1   294.8       50.1        0
3410.8   240.699997  42.900002   0
3411.3   56.099998   55.599998   0
3415.7   287.600006  42.5        0
3415.7   287.6       42.5        0
3416.0   260.899994  30.5        0
3421.6   132.399994  30.5        0
3422.1   191.7       67          1
3424     150         62.2        1
3425.6   166.3       67          1
3426.4   175.4       67          1
3431.2   135         46.6        0
3438.2   101.699997  42.799999   0
3440.5   218.5       38.400002   0
3441.3   200.899994  40.700001   0
3442.3   257         51.5        0
3443.5   262.799988  52.5        0
3444     277.8       59.8        0
3444.5   241.300003  56.5        0
3445.8   212.600006  52.5        0
3446.4   172.8       58.7        1
3448.4   257         41.700001   0
3451.7   77          34.400002   0
3452.2   42.400002   31.700001   0
3452.6   241.300003  7.8         0
3454     188.5       64.1        1
3454.3	 273.299988	 43.799999	 0












































































































































































































































































































































































































































































































































































































































































































































































































































































































































































































































































































































































































































































































































































































































































































































































































































































































































































































































































































































































































































































































































































































































































































































































































































































































































































































































































































































































































































































































































































































































































































































































































































































































































































































































































































































































































































































































































































































































































































































































































































































































































































































































































































































































































































































































































































































































































































































































































































































































































































































































































































































































































































































































































































































































































































































































































































































































































































































































































































































































































































































































































































































































































































































































































































































































































































































































































































































































































































































































































































































































































































































































































































































































































































































































































































































































































































































































































































































































































